========= COMPUTE-SANITIZER
Время выделения памяти: 406 мкс
Время инициализации: 23 мкс

1 0 0 0 0 0 0 0.0057 

Время выполнения ядра: 2533.85 мс
0.000730468 0.000142935 5.76476e-05 0.00116326 0.00218635 0.00563022 0.00269369 0.00300615 
0.000730468 0.000142935 5.76476e-05 0.00116326 0.00218635 0.00563022 0.00269369 0.00300615 
0.000730468 0.000142935 5.76476e-05 0.00116326 0.00218635 0.00563022 0.00269369 0.00300615 
0.000730468 0.000142935 5.76476e-05 0.00116326 0.00218635 0.00563022 0.00269369 0.00300615 
0.000730468 0.000142935 5.76476e-05 0.00116326 0.00218635 0.00563022 0.00269369 0.00300615 
0.000730468 0.000142935 5.76476e-05 0.00116326 0.00218635 0.00563022 0.00269369 0.00300615 
0.000730468 0.000142935 5.76476e-05 0.00116326 0.00218635 0.00563022 0.00269369 0.00300615 
0.000730468 0.000142935 5.76476e-05 0.00116326 0.00218635 0.00563022 0.00269369 0.00300615 
0.000730468 0.000142935 5.76476e-05 0.00116326 0.00218635 0.00563022 0.00269369 0.00300615 
0.000730468 0.000142935 5.76476e-05 0.00116326 0.00218635 0.00563022 0.00269369 0.00300615 
0.000730468 0.000142935 5.76476e-05 0.00116326 0.00218635 0.00563022 0.00269369 0.00300615 
0.000730468 0.000142935 5.76476e-05 0.00116326 0.00218635 0.00563022 0.00269369 0.00300615 
0.000730468 0.000142935 5.76476e-05 0.00116326 0.00218635 0.00563022 0.00269369 0.00300615 
0.000730468 0.000142935 5.76476e-05 0.00116326 0.00218635 0.00563022 0.00269369 0.00300615 
0.000730468 0.000142935 5.76476e-05 0.00116326 0.00218635 0.00563022 0.00269369 0.00300615 
0.000730468 0.000142935 5.76476e-05 0.00116326 0.00218635 0.00563022 0.00269369 0.00300615 
0.000730468 0.000142935 5.76476e-05 0.00116326 0.00218635 0.00563022 0.00269369 0.00300615 
0.000730468 0.000142935 5.76476e-05 0.00116326 0.00218635 0.00563022 0.00269369 0.00300615 
0.000730468 0.000142935 5.76476e-05 0.00116326 0.00218635 0.00563022 0.00269369 0.00300615 
0.000730468 0.000142935 5.76476e-05 0.00116326 0.00218635 0.00563022 0.00269369 0.00300615 
0.000730468 0.000142935 5.76476e-05 0.00116326 0.00218635 0.00563022 0.00269369 0.00300615 
0.000730468 0.000142935 5.76476e-05 0.00116326 0.00218635 0.00563022 0.00269369 0.00300615 
0.000730468 0.000142935 5.76476e-05 0.00116326 0.00218635 0.00563022 0.00269369 0.00300615 
0.000730468 0.000142935 5.76476e-05 0.00116326 0.00218635 0.00563022 0.00269369 0.00300615 
0.000730468 0.000142935 5.76476e-05 0.00116326 0.00218635 0.00563022 0.00269369 0.00300615 
0.000730468 0.000142935 5.76476e-05 0.00116326 0.00218635 0.00563022 0.00269369 0.00300615 
0.000730468 0.000142935 5.76476e-05 0.00116326 0.00218635 0.00563022 0.00269369 0.00300615 
0.000730468 0.000142935 5.76476e-05 0.00116326 0.00218635 0.00563022 0.00269369 0.00300615 
0.000730468 0.000142935 5.76476e-05 0.00116326 0.00218635 0.00563022 0.00269369 0.00300615 
0.000730468 0.000142935 5.76476e-05 0.00116326 0.00218635 0.00563022 0.00269369 0.00300615 
0.000730468 0.000142935 5.76476e-05 0.00116326 0.00218635 0.00563022 0.00269369 0.00300615 
0.000730468 0.000142935 5.76476e-05 0.00116326 0.00218635 0.00563022 0.00269369 0.00300615 
0.000730468 0.000142935 5.76476e-05 0.00116326 0.00218635 0.00563022 0.00269369 0.00300615 
0.000730468 0.000142935 5.76476e-05 0.00116326 0.00218635 0.00563022 0.00269369 0.00300615 
0.000730468 0.000142935 5.76476e-05 0.00116326 0.00218635 0.00563022 0.00269369 0.00300615 
0.000730468 0.000142935 5.76476e-05 0.00116326 0.00218635 0.00563022 0.00269369 0.00300615 
0.000730468 0.000142935 5.76476e-05 0.00116326 0.00218635 0.00563022 0.00269369 0.00300615 
0.000730468 0.000142935 5.76476e-05 0.00116326 0.00218635 0.00563022 0.00269369 0.00300615 
0.000730468 0.000142935 5.76476e-05 0.00116326 0.00218635 0.00563022 0.00269369 0.00300615 
0.000730468 0.000142935 5.76476e-05 0.00116326 0.00218635 0.00563022 0.00269369 0.00300615 
0.000730468 0.000142935 5.76476e-05 0.00116326 0.00218635 0.00563022 0.00269369 0.00300615 
0.000730468 0.000142935 5.76476e-05 0.00116326 0.00218635 0.00563022 0.00269369 0.00300615 
0.000730468 0.000142935 5.76476e-05 0.00116326 0.00218635 0.00563022 0.00269369 0.00300615 
0.000730468 0.000142935 5.76476e-05 0.00116326 0.00218635 0.00563022 0.00269369 0.00300615 
0.000730468 0.000142935 5.76476e-05 0.00116326 0.00218635 0.00563022 0.00269369 0.00300615 
0.000730468 0.000142935 5.76476e-05 0.00116326 0.00218635 0.00563022 0.00269369 0.00300615 
0.000730468 0.000142935 5.76476e-05 0.00116326 0.00218635 0.00563022 0.00269369 0.00300615 
0.000730468 0.000142935 5.76476e-05 0.00116326 0.00218635 0.00563022 0.00269369 0.00300615 
0.000730468 0.000142935 5.76476e-05 0.00116326 0.00218635 0.00563022 0.00269369 0.00300615 
0.000730468 0.000142935 5.76476e-05 0.00116326 0.00218635 0.00563022 0.00269369 0.00300615 
0.000730468 0.000142935 5.76476e-05 0.00116326 0.00218635 0.00563022 0.00269369 0.00300615 
0.000730468 0.000142935 5.76476e-05 0.00116326 0.00218635 0.00563022 0.00269369 0.00300615 
0.000730468 0.000142935 5.76476e-05 0.00116326 0.00218635 0.00563022 0.00269369 0.00300615 
0.000730468 0.000142935 5.76476e-05 0.00116326 0.00218635 0.00563022 0.00269369 0.00300615 
0.000730468 0.000142935 5.76476e-05 0.00116326 0.00218635 0.00563022 0.00269369 0.00300615 
0.000730468 0.000142935 5.76476e-05 0.00116326 0.00218635 0.00563022 0.00269369 0.00300615 
0.000730468 0.000142935 5.76476e-05 0.00116326 0.00218635 0.00563022 0.00269369 0.00300615 
0.000730468 0.000142935 5.76476e-05 0.00116326 0.00218635 0.00563022 0.00269369 0.00300615 
0.000730468 0.000142935 5.76476e-05 0.00116326 0.00218635 0.00563022 0.00269369 0.00300615 
0.000730468 0.000142935 5.76476e-05 0.00116326 0.00218635 0.00563022 0.00269369 0.00300615 
0.000730468 0.000142935 5.76476e-05 0.00116326 0.00218635 0.00563022 0.00269369 0.00300615 
0.000730468 0.000142935 5.76476e-05 0.00116326 0.00218635 0.00563022 0.00269369 0.00300615 
0.000730468 0.000142935 5.76476e-05 0.00116326 0.00218635 0.00563022 0.00269369 0.00300615 
0.000730468 0.000142935 5.76476e-05 0.00116326 0.00218635 0.00563022 0.00269369 0.00300615 
0.000730468 0.000142935 5.76476e-05 0.00116326 0.00218635 0.00563022 0.00269369 0.00300615 
0.000730468 0.000142935 5.76476e-05 0.00116326 0.00218635 0.00563022 0.00269369 0.00300615 
0.000730468 0.000142935 5.76476e-05 0.00116326 0.00218635 0.00563022 0.00269369 0.00300615 
0.000730468 0.000142935 5.76476e-05 0.00116326 0.00218635 0.00563022 0.00269369 0.00300615 
0.000730468 0.000142935 5.76476e-05 0.00116326 0.00218635 0.00563022 0.00269369 0.00300615 
0.000730468 0.000142935 5.76476e-05 0.00116326 0.00218635 0.00563022 0.00269369 0.00300615 
0.000730468 0.000142935 5.76476e-05 0.00116326 0.00218635 0.00563022 0.00269369 0.00300615 
0.000730468 0.000142935 5.76476e-05 0.00116326 0.00218635 0.00563022 0.00269369 0.00300615 
0.000730468 0.000142935 5.76476e-05 0.00116326 0.00218635 0.00563022 0.00269369 0.00300615 
0.000730468 0.000142935 5.76476e-05 0.00116326 0.00218635 0.00563022 0.00269369 0.00300615 
0.000730468 0.000142935 5.76476e-05 0.00116326 0.00218635 0.00563022 0.00269369 0.00300615 
0.000730468 0.000142935 5.76476e-05 0.00116326 0.00218635 0.00563022 0.00269369 0.00300615 
0.000730468 0.000142935 5.76476e-05 0.00116326 0.00218635 0.00563022 0.00269369 0.00300615 
0.000730468 0.000142935 5.76476e-05 0.00116326 0.00218635 0.00563022 0.00269369 0.00300615 
0.000730468 0.000142935 5.76476e-05 0.00116326 0.00218635 0.00563022 0.00269369 0.00300615 
0.000730468 0.000142935 5.76476e-05 0.00116326 0.00218635 0.00563022 0.00269369 0.00300615 
0.000730468 0.000142935 5.76476e-05 0.00116326 0.00218635 0.00563022 0.00269369 0.00300615 
0.000730468 0.000142935 5.76476e-05 0.00116326 0.00218635 0.00563022 0.00269369 0.00300615 
0.000730468 0.000142935 5.76476e-05 0.00116326 0.00218635 0.00563022 0.00269369 0.00300615 
0.000730468 0.000142935 5.76476e-05 0.00116326 0.00218635 0.00563022 0.00269369 0.00300615 
0.000730468 0.000142935 5.76476e-05 0.00116326 0.00218635 0.00563022 0.00269369 0.00300615 
0.000730468 0.000142935 5.76476e-05 0.00116326 0.00218635 0.00563022 0.00269369 0.00300615 
0.000730468 0.000142935 5.76476e-05 0.00116326 0.00218635 0.00563022 0.00269369 0.00300615 
0.000730468 0.000142935 5.76476e-05 0.00116326 0.00218635 0.00563022 0.00269369 0.00300615 
0.000730468 0.000142935 5.76476e-05 0.00116326 0.00218635 0.00563022 0.00269369 0.00300615 
0.000730468 0.000142935 5.76476e-05 0.00116326 0.00218635 0.00563022 0.00269369 0.00300615 
0.000730468 0.000142935 5.76476e-05 0.00116326 0.00218635 0.00563022 0.00269369 0.00300615 
0.000730468 0.000142935 5.76476e-05 0.00116326 0.00218635 0.00563022 0.00269369 0.00300615 
0.000730468 0.000142935 5.76476e-05 0.00116326 0.00218635 0.00563022 0.00269369 0.00300615 
0.000730468 0.000142935 5.76476e-05 0.00116326 0.00218635 0.00563022 0.00269369 0.00300615 
0.000730468 0.000142935 5.76476e-05 0.00116326 0.00218635 0.00563022 0.00269369 0.00300615 
0.000730468 0.000142935 5.76476e-05 0.00116326 0.00218635 0.00563022 0.00269369 0.00300615 
0.000730468 0.000142935 5.76476e-05 0.00116326 0.00218635 0.00563022 0.00269369 0.00300615 
0.000730468 0.000142935 5.76476e-05 0.00116326 0.00218635 0.00563022 0.00269369 0.00300615 
0.000730468 0.000142935 5.76476e-05 0.00116326 0.00218635 0.00563022 0.00269369 0.00300615 
0.000730468 0.000142935 5.76476e-05 0.00116326 0.00218635 0.00563022 0.00269369 0.00300615 
0.000730468 0.000142935 5.76476e-05 0.00116326 0.00218635 0.00563022 0.00269369 0.00300615 
0.000730468 0.000142935 5.76476e-05 0.00116326 0.00218635 0.00563022 0.00269369 0.00300615 
0.000730468 0.000142935 5.76476e-05 0.00116326 0.00218635 0.00563022 0.00269369 0.00300615 
0.000730468 0.000142935 5.76476e-05 0.00116326 0.00218635 0.00563022 0.00269369 0.00300615 
0.000730468 0.000142935 5.76476e-05 0.00116326 0.00218635 0.00563022 0.00269369 0.00300615 
0.000730468 0.000142935 5.76476e-05 0.00116326 0.00218635 0.00563022 0.00269369 0.00300615 
0.000730468 0.000142935 5.76476e-05 0.00116326 0.00218635 0.00563022 0.00269369 0.00300615 
0.000730468 0.000142935 5.76476e-05 0.00116326 0.00218635 0.00563022 0.00269369 0.00300615 
0.000730468 0.000142935 5.76476e-05 0.00116326 0.00218635 0.00563022 0.00269369 0.00300615 
0.000730468 0.000142935 5.76476e-05 0.00116326 0.00218635 0.00563022 0.00269369 0.00300615 
0.000730468 0.000142935 5.76476e-05 0.00116326 0.00218635 0.00563022 0.00269369 0.00300615 
0.000730468 0.000142935 5.76476e-05 0.00116326 0.00218635 0.00563022 0.00269369 0.00300615 
0.000730468 0.000142935 5.76476e-05 0.00116326 0.00218635 0.00563022 0.00269369 0.00300615 
0.000730468 0.000142935 5.76476e-05 0.00116326 0.00218635 0.00563022 0.00269369 0.00300615 
0.000730468 0.000142935 5.76476e-05 0.00116326 0.00218635 0.00563022 0.00269369 0.00300615 
0.000730468 0.000142935 5.76476e-05 0.00116326 0.00218635 0.00563022 0.00269369 0.00300615 
0.000730468 0.000142935 5.76476e-05 0.00116326 0.00218635 0.00563022 0.00269369 0.00300615 
0.000730468 0.000142935 5.76476e-05 0.00116326 0.00218635 0.00563022 0.00269369 0.00300615 
0.000730468 0.000142935 5.76476e-05 0.00116326 0.00218635 0.00563022 0.00269369 0.00300615 
0.000730468 0.000142935 5.76476e-05 0.00116326 0.00218635 0.00563022 0.00269369 0.00300615 
0.000730468 0.000142935 5.76476e-05 0.00116326 0.00218635 0.00563022 0.00269369 0.00300615 
0.000730468 0.000142935 5.76476e-05 0.00116326 0.00218635 0.00563022 0.00269369 0.00300615 
0.000730468 0.000142935 5.76476e-05 0.00116326 0.00218635 0.00563022 0.00269369 0.00300615 
0.000730468 0.000142935 5.76476e-05 0.00116326 0.00218635 0.00563022 0.00269369 0.00300615 
0.000730468 0.000142935 5.76476e-05 0.00116326 0.00218635 0.00563022 0.00269369 0.00300615 
0.000730468 0.000142935 5.76476e-05 0.00116326 0.00218635 0.00563022 0.00269369 0.00300615 
0.000730468 0.000142935 5.76476e-05 0.00116326 0.00218635 0.00563022 0.00269369 0.00300615 
0.000730468 0.000142935 5.76476e-05 0.00116326 0.00218635 0.00563022 0.00269369 0.00300615 
0.000730468 0.000142935 5.76476e-05 0.00116326 0.00218635 0.00563022 0.00269369 0.00300615 
0.000730468 0.000142935 5.76476e-05 0.00116326 0.00218635 0.00563022 0.00269369 0.00300615 
0.000730468 0.000142935 5.76476e-05 0.00116326 0.00218635 0.00563022 0.00269369 0.00300615 
0.000730468 0.000142935 5.76476e-05 0.00116326 0.00218635 0.00563022 0.00269369 0.00300615 
0.000730468 0.000142935 5.76476e-05 0.00116326 0.00218635 0.00563022 0.00269369 0.00300615 
0.000730468 0.000142935 5.76476e-05 0.00116326 0.00218635 0.00563022 0.00269369 0.00300615 
0.000730468 0.000142935 5.76476e-05 0.00116326 0.00218635 0.00563022 0.00269369 0.00300615 
0.000730468 0.000142935 5.76476e-05 0.00116326 0.00218635 0.00563022 0.00269369 0.00300615 
0.000730468 0.000142935 5.76476e-05 0.00116326 0.00218635 0.00563022 0.00269369 0.00300615 
0.000730468 0.000142935 5.76476e-05 0.00116326 0.00218635 0.00563022 0.00269369 0.00300615 
0.000730468 0.000142935 5.76476e-05 0.00116326 0.00218635 0.00563022 0.00269369 0.00300615 
0.000730468 0.000142935 5.76476e-05 0.00116326 0.00218635 0.00563022 0.00269369 0.00300615 
0.000730468 0.000142935 5.76476e-05 0.00116326 0.00218635 0.00563022 0.00269369 0.00300615 
0.000730468 0.000142935 5.76476e-05 0.00116326 0.00218635 0.00563022 0.00269369 0.00300615 
0.000730468 0.000142935 5.76476e-05 0.00116326 0.00218635 0.00563022 0.00269369 0.00300615 
0.000730468 0.000142935 5.76476e-05 0.00116326 0.00218635 0.00563022 0.00269369 0.00300615 
0.000730468 0.000142935 5.76476e-05 0.00116326 0.00218635 0.00563022 0.00269369 0.00300615 
0.000730468 0.000142935 5.76476e-05 0.00116326 0.00218635 0.00563022 0.00269369 0.00300615 
0.000730468 0.000142935 5.76476e-05 0.00116326 0.00218635 0.00563022 0.00269369 0.00300615 
0.000730468 0.000142935 5.76476e-05 0.00116326 0.00218635 0.00563022 0.00269369 0.00300615 
0.000730468 0.000142935 5.76476e-05 0.00116326 0.00218635 0.00563022 0.00269369 0.00300615 
0.000730468 0.000142935 5.76476e-05 0.00116326 0.00218635 0.00563022 0.00269369 0.00300615 
0.000730468 0.000142935 5.76476e-05 0.00116326 0.00218635 0.00563022 0.00269369 0.00300615 
0.000730468 0.000142935 5.76476e-05 0.00116326 0.00218635 0.00563022 0.00269369 0.00300615 
0.000730468 0.000142935 5.76476e-05 0.00116326 0.00218635 0.00563022 0.00269369 0.00300615 
0.000730468 0.000142935 5.76476e-05 0.00116326 0.00218635 0.00563022 0.00269369 0.00300615 
0.000730468 0.000142935 5.76476e-05 0.00116326 0.00218635 0.00563022 0.00269369 0.00300615 
0.000730468 0.000142935 5.76476e-05 0.00116326 0.00218635 0.00563022 0.00269369 0.00300615 
0.000730468 0.000142935 5.76476e-05 0.00116326 0.00218635 0.00563022 0.00269369 0.00300615 
0.000730468 0.000142935 5.76476e-05 0.00116326 0.00218635 0.00563022 0.00269369 0.00300615 
0.000730468 0.000142935 5.76476e-05 0.00116326 0.00218635 0.00563022 0.00269369 0.00300615 
0.000730468 0.000142935 5.76476e-05 0.00116326 0.00218635 0.00563022 0.00269369 0.00300615 
0.000730468 0.000142935 5.76476e-05 0.00116326 0.00218635 0.00563022 0.00269369 0.00300615 
0.000730468 0.000142935 5.76476e-05 0.00116326 0.00218635 0.00563022 0.00269369 0.00300615 
0.000730468 0.000142935 5.76476e-05 0.00116326 0.00218635 0.00563022 0.00269369 0.00300615 
0.000730468 0.000142935 5.76476e-05 0.00116326 0.00218635 0.00563022 0.00269369 0.00300615 
0.000730468 0.000142935 5.76476e-05 0.00116326 0.00218635 0.00563022 0.00269369 0.00300615 
0.000730468 0.000142935 5.76476e-05 0.00116326 0.00218635 0.00563022 0.00269369 0.00300615 
0.000730468 0.000142935 5.76476e-05 0.00116326 0.00218635 0.00563022 0.00269369 0.00300615 
0.000730468 0.000142935 5.76476e-05 0.00116326 0.00218635 0.00563022 0.00269369 0.00300615 
0.000730468 0.000142935 5.76476e-05 0.00116326 0.00218635 0.00563022 0.00269369 0.00300615 
0.000730468 0.000142935 5.76476e-05 0.00116326 0.00218635 0.00563022 0.00269369 0.00300615 
0.000730468 0.000142935 5.76476e-05 0.00116326 0.00218635 0.00563022 0.00269369 0.00300615 
0.000730468 0.000142935 5.76476e-05 0.00116326 0.00218635 0.00563022 0.00269369 0.00300615 
0.000730468 0.000142935 5.76476e-05 0.00116326 0.00218635 0.00563022 0.00269369 0.00300615 
0.000730468 0.000142935 5.76476e-05 0.00116326 0.00218635 0.00563022 0.00269369 0.00300615 
0.000730468 0.000142935 5.76476e-05 0.00116326 0.00218635 0.00563022 0.00269369 0.00300615 
0.000730468 0.000142935 5.76476e-05 0.00116326 0.00218635 0.00563022 0.00269369 0.00300615 
0.000730468 0.000142935 5.76476e-05 0.00116326 0.00218635 0.00563022 0.00269369 0.00300615 
0.000730468 0.000142935 5.76476e-05 0.00116326 0.00218635 0.00563022 0.00269369 0.00300615 
0.000730468 0.000142935 5.76476e-05 0.00116326 0.00218635 0.00563022 0.00269369 0.00300615 
0.000730468 0.000142935 5.76476e-05 0.00116326 0.00218635 0.00563022 0.00269369 0.00300615 
0.000730468 0.000142935 5.76476e-05 0.00116326 0.00218635 0.00563022 0.00269369 0.00300615 
0.000730468 0.000142935 5.76476e-05 0.00116326 0.00218635 0.00563022 0.00269369 0.00300615 
0.000730468 0.000142935 5.76476e-05 0.00116326 0.00218635 0.00563022 0.00269369 0.00300615 
0.000730468 0.000142935 5.76476e-05 0.00116326 0.00218635 0.00563022 0.00269369 0.00300615 
0.000730468 0.000142935 5.76476e-05 0.00116326 0.00218635 0.00563022 0.00269369 0.00300615 
0.000730468 0.000142935 5.76476e-05 0.00116326 0.00218635 0.00563022 0.00269369 0.00300615 
0.000730468 0.000142935 5.76476e-05 0.00116326 0.00218635 0.00563022 0.00269369 0.00300615 
0.000730468 0.000142935 5.76476e-05 0.00116326 0.00218635 0.00563022 0.00269369 0.00300615 
0.000730468 0.000142935 5.76476e-05 0.00116326 0.00218635 0.00563022 0.00269369 0.00300615 
0.000730468 0.000142935 5.76476e-05 0.00116326 0.00218635 0.00563022 0.00269369 0.00300615 
0.000730468 0.000142935 5.76476e-05 0.00116326 0.00218635 0.00563022 0.00269369 0.00300615 
0.000730468 0.000142935 5.76476e-05 0.00116326 0.00218635 0.00563022 0.00269369 0.00300615 
0.000730468 0.000142935 5.76476e-05 0.00116326 0.00218635 0.00563022 0.00269369 0.00300615 
0.000730468 0.000142935 5.76476e-05 0.00116326 0.00218635 0.00563022 0.00269369 0.00300615 
0.000730468 0.000142935 5.76476e-05 0.00116326 0.00218635 0.00563022 0.00269369 0.00300615 
0.000730468 0.000142935 5.76476e-05 0.00116326 0.00218635 0.00563022 0.00269369 0.00300615 
0.000730468 0.000142935 5.76476e-05 0.00116326 0.00218635 0.00563022 0.00269369 0.00300615 
0.000730468 0.000142935 5.76476e-05 0.00116326 0.00218635 0.00563022 0.00269369 0.00300615 
0.000730468 0.000142935 5.76476e-05 0.00116326 0.00218635 0.00563022 0.00269369 0.00300615 
0.000730468 0.000142935 5.76476e-05 0.00116326 0.00218635 0.00563022 0.00269369 0.00300615 
0.000730468 0.000142935 5.76476e-05 0.00116326 0.00218635 0.00563022 0.00269369 0.00300615 
0.000730468 0.000142935 5.76476e-05 0.00116326 0.00218635 0.00563022 0.00269369 0.00300615 
0.000730468 0.000142935 5.76476e-05 0.00116326 0.00218635 0.00563022 0.00269369 0.00300615 
0.000730468 0.000142935 5.76476e-05 0.00116326 0.00218635 0.00563022 0.00269369 0.00300615 
0.000730468 0.000142935 5.76476e-05 0.00116326 0.00218635 0.00563022 0.00269369 0.00300615 
0.000730468 0.000142935 5.76476e-05 0.00116326 0.00218635 0.00563022 0.00269369 0.00300615 
0.000730468 0.000142935 5.76476e-05 0.00116326 0.00218635 0.00563022 0.00269369 0.00300615 
0.000730468 0.000142935 5.76476e-05 0.00116326 0.00218635 0.00563022 0.00269369 0.00300615 
0.000730468 0.000142935 5.76476e-05 0.00116326 0.00218635 0.00563022 0.00269369 0.00300615 
0.000730468 0.000142935 5.76476e-05 0.00116326 0.00218635 0.00563022 0.00269369 0.00300615 
0.000730468 0.000142935 5.76476e-05 0.00116326 0.00218635 0.00563022 0.00269369 0.00300615 
0.000730468 0.000142935 5.76476e-05 0.00116326 0.00218635 0.00563022 0.00269369 0.00300615 
0.000730468 0.000142935 5.76476e-05 0.00116326 0.00218635 0.00563022 0.00269369 0.00300615 
0.000730468 0.000142935 5.76476e-05 0.00116326 0.00218635 0.00563022 0.00269369 0.00300615 
0.000730468 0.000142935 5.76476e-05 0.00116326 0.00218635 0.00563022 0.00269369 0.00300615 
0.000730468 0.000142935 5.76476e-05 0.00116326 0.00218635 0.00563022 0.00269369 0.00300615 
0.000730468 0.000142935 5.76476e-05 0.00116326 0.00218635 0.00563022 0.00269369 0.00300615 
0.000730468 0.000142935 5.76476e-05 0.00116326 0.00218635 0.00563022 0.00269369 0.00300615 
0.000730468 0.000142935 5.76476e-05 0.00116326 0.00218635 0.00563022 0.00269369 0.00300615 
0.000730468 0.000142935 5.76476e-05 0.00116326 0.00218635 0.00563022 0.00269369 0.00300615 
0.000730468 0.000142935 5.76476e-05 0.00116326 0.00218635 0.00563022 0.00269369 0.00300615 
0.000730468 0.000142935 5.76476e-05 0.00116326 0.00218635 0.00563022 0.00269369 0.00300615 
0.000730468 0.000142935 5.76476e-05 0.00116326 0.00218635 0.00563022 0.00269369 0.00300615 
0.000730468 0.000142935 5.76476e-05 0.00116326 0.00218635 0.00563022 0.00269369 0.00300615 
0.000730468 0.000142935 5.76476e-05 0.00116326 0.00218635 0.00563022 0.00269369 0.00300615 
0.000730468 0.000142935 5.76476e-05 0.00116326 0.00218635 0.00563022 0.00269369 0.00300615 
0.000730468 0.000142935 5.76476e-05 0.00116326 0.00218635 0.00563022 0.00269369 0.00300615 
0.000730468 0.000142935 5.76476e-05 0.00116326 0.00218635 0.00563022 0.00269369 0.00300615 
0.000730468 0.000142935 5.76476e-05 0.00116326 0.00218635 0.00563022 0.00269369 0.00300615 
0.000730468 0.000142935 5.76476e-05 0.00116326 0.00218635 0.00563022 0.00269369 0.00300615 
0.000730468 0.000142935 5.76476e-05 0.00116326 0.00218635 0.00563022 0.00269369 0.00300615 
0.000730468 0.000142935 5.76476e-05 0.00116326 0.00218635 0.00563022 0.00269369 0.00300615 
0.000730468 0.000142935 5.76476e-05 0.00116326 0.00218635 0.00563022 0.00269369 0.00300615 
0.000730468 0.000142935 5.76476e-05 0.00116326 0.00218635 0.00563022 0.00269369 0.00300615 
0.000730468 0.000142935 5.76476e-05 0.00116326 0.00218635 0.00563022 0.00269369 0.00300615 
0.000730468 0.000142935 5.76476e-05 0.00116326 0.00218635 0.00563022 0.00269369 0.00300615 
0.000730468 0.000142935 5.76476e-05 0.00116326 0.00218635 0.00563022 0.00269369 0.00300615 
0.000730468 0.000142935 5.76476e-05 0.00116326 0.00218635 0.00563022 0.00269369 0.00300615 
0.000730468 0.000142935 5.76476e-05 0.00116326 0.00218635 0.00563022 0.00269369 0.00300615 
0.000730468 0.000142935 5.76476e-05 0.00116326 0.00218635 0.00563022 0.00269369 0.00300615 
0.000730468 0.000142935 5.76476e-05 0.00116326 0.00218635 0.00563022 0.00269369 0.00300615 
0.000730468 0.000142935 5.76476e-05 0.00116326 0.00218635 0.00563022 0.00269369 0.00300615 
0.000730468 0.000142935 5.76476e-05 0.00116326 0.00218635 0.00563022 0.00269369 0.00300615 
0.000730468 0.000142935 5.76476e-05 0.00116326 0.00218635 0.00563022 0.00269369 0.00300615 
0.000730468 0.000142935 5.76476e-05 0.00116326 0.00218635 0.00563022 0.00269369 0.00300615 
0.000730468 0.000142935 5.76476e-05 0.00116326 0.00218635 0.00563022 0.00269369 0.00300615 
0.000730468 0.000142935 5.76476e-05 0.00116326 0.00218635 0.00563022 0.00269369 0.00300615 
0.000730468 0.000142935 5.76476e-05 0.00116326 0.00218635 0.00563022 0.00269369 0.00300615 
0.000730468 0.000142935 5.76476e-05 0.00116326 0.00218635 0.00563022 0.00269369 0.00300615 
0.000730468 0.000142935 5.76476e-05 0.00116326 0.00218635 0.00563022 0.00269369 0.00300615 
0.000730468 0.000142935 5.76476e-05 0.00116326 0.00218635 0.00563022 0.00269369 0.00300615 
0.000730468 0.000142935 5.76476e-05 0.00116326 0.00218635 0.00563022 0.00269369 0.00300615 
0.000730468 0.000142935 5.76476e-05 0.00116326 0.00218635 0.00563022 0.00269369 0.00300615 
0.000730468 0.000142935 5.76476e-05 0.00116326 0.00218635 0.00563022 0.00269369 0.00300615 
0.000730468 0.000142935 5.76476e-05 0.00116326 0.00218635 0.00563022 0.00269369 0.00300615 
0.000730468 0.000142935 5.76476e-05 0.00116326 0.00218635 0.00563022 0.00269369 0.00300615 

0.000737131 0.000144249 5.88873e-05 0.00117565 0.00238636 0.00623897 0.00285 0.00285
Время освобождения памяти: 401 мкс
Общее время выполнения: 2724 мс
========= ERROR SUMMARY: 0 errors
